56,8
56,7
56,6
56,5
56,4
56,3
56,2
56,1
56,0
28,301
28,284
28,291
28,296
28,295
28,305
28,306
28,309
28,311
28,314
48,3
48,2
48,1
48,0
41,511
41,510
41,509
41,508
41,507
41,506
41,505
41,504
41,503
41,502
41,501
41,500
41,499
41,498
41,497
41,496
41,495
41,494
41,493
41,492
41,491
41,490
41,489
41,488
41,487
41,486
41,485
41,484
41,483
41,482
41,481
41,480
41,479
41,478
41,477
41,476
41,475
41,474
41,473
41,472
41,471
41,470
41,469
41,468
41,467
41,466
41,465
41,464
41,463
41,462
41,461
41,460
41,459
41,458
41,457
41,456
41,455
41,454
41,453
41,452
41,451
41,450
41,449
41,448
40,6
40,5
40,4
40,3
40,2
40,1
40,0
32,5
32,4
32,3
32,2
32,1
32,0
29,1279
29,1278
29,1277
29,1276
29,1275
29,1274
29,1273
29,1272
29,1271
29,1270
29,1269
29,1268
29,1267
29,1266
29,1265
29,1264
29,1263
29,1262
29,1261
29,1260
29,1259
29,1258
29,1257
29,1256
29,1255
29,1254
29,1253
29,1252
29,1251
29,1250
29,1249
29,1248
29,1247
29,1246
29,1245
29,1244
29,1243
29,1242
29,1241
29,1240
29,1239
29,1238
29,1237
29,1236
29,1235
29,1234
29,1233
29,1232
29,1231
29,1230
29,1229
29,1228
29,1227
29,1226
29,1225
29,1224
29,1223
29,1222
29,1221
29,1220
29,1219
29,1218
29,1217
29,1216
29,767
29,766
29,765
29,764
29,763
29,762
29,761
29,760
29,759
29,758
29,757
29,756
29,755
29,754
29,753
29,752
29,751
29,750
29,749
29,748
29,747
29,746
29,745
29,744
29,743
29,742
29,741
29,740
29,739
29,738
29,737
29,736
29,735
29,734
29,733
29,732
29,731
29,730
29,729
29,728
29,727
29,726
29,725
29,724
29,723
29,722
29,721
29,720
29,719
29,718
29,717
29,716
29,715
29,714
29,713
29,712
29,711
29,710
29,709
29,708
29,707
29,706
29,705
29,704
29,255
29,254
29,253
29,252
29,251
29,250
29,249
29,248
29,247
29,246
29,245
29,244
29,243
29,242
29,241
29,240
29,239
29,238
29,237
29,236
29,235
29,234
29,233
29,232
29,231
29,230
29,229
29,228
29,227
29,226
29,225
29,224
29,223
29,222
29,221
29,220
29,219
29,218
29,217
29,216
29,215
29,214
29,213
29,212
29,211
29,210
29,209
29,208
29,207
29,206
29,205
29,204
29,203
29,202
29,201
29,200
29,199
29,198
29,197
29,196
29,195
29,194
29,193
29,192
28,319
28,318
28,317
28,316
28,315
28,313
28,312
28,310
28,308
28,307
28,304
28,303
28,302
28,300
28,299
28,298
28,297
28,294
28,293
28,292
28,290
28,289
28,288
28,287
28,286
28,285
28,283
28,282
28,281
28,280
28,279
28,278
28,277
28,276
28,275
28,274
28,273
28,272
28,271
28,270
28,269
28,268
28,267
28,266
28,265
28,264
28,263
28,262
28,261
28,260
28,259
28,258
28,257
28,256
24,5
24,4
24,3
24,2
24,1
24,0
0,9
0,12
0,10
0,8
0,0
0,63
0,62
0,61
0,60
0,59
0,58
0,57
0,56
0,55
0,54
0,53
0,52
0,51
0,50
0,49
0,48
0,47
0,46
0,45
0,6
0,5
0,1
0,11
0,4
0,2
0,3
0,7
57,14
57,13
57,12
57,11
57,10
57,9
57,8
57,7
57,6
57,5
57,4
57,3
57,2
57,1
57,0
29,775
29,778
29,777
29,781
49,3
49,2
49,1
49,0
41,575
41,574
41,573
41,572
41,571
41,570
41,569
41,568
41,567
41,566
41,565
41,564
41,563
41,562
41,561
41,560
41,559
41,558
41,557
41,556
41,555
41,554
41,553
41,552
41,551
41,550
41,549
41,548
41,547
41,546
41,545
41,544
41,543
41,542
41,541
41,540
41,539
41,538
41,537
41,536
41,535
41,534
41,533
41,532
41,531
41,530
41,529
41,528
41,527
41,526
41,525
41,524
41,523
41,522
41,521
41,520
41,519
41,518
41,517
41,516
41,515
41,514
41,513
41,512
41,35
41,34
41,33
41,32
41,31
41,30
41,29
41,28
41,27
41,26
41,25
41,24
41,23
41,22
41,21
41,20
41,19
41,18
41,17
41,16
41,15
41,14
41,13
41,12
41,11
41,10
41,9
41,8
41,7
41,6
41,5
41,4
41,3
41,2
41,1
41,0
33,5
33,4
33,3
33,2
33,1
33,0
29,1327
29,1326
29,1325
29,1324
29,1323
29,1322
29,1321
29,1320
29,1319
29,1318
29,1317
29,1316
29,1315
29,1314
29,1313
29,1312
29,1311
29,1310
29,1309
29,1308
29,1307
29,1306
29,1305
29,1304
29,1303
29,1302
29,1301
29,1300
29,1299
29,1298
29,1297
29,1296
29,1295
29,1294
29,1293
29,1292
29,1291
29,1290
29,1289
29,1288
29,1287
29,1286
29,1285
29,1284
29,1283
29,1282
29,1281
29,1280
29,783
29,780
29,779
29,776
29,774
29,773
29,772
29,771
29,770
29,769
29,768
29,319
29,318
29,317
29,316
29,315
29,314
29,313
29,312
29,311
29,310
29,309
29,308
29,307
29,306
29,305
29,304
29,303
29,302
29,301
29,300
29,299
29,298
29,297
29,296
29,295
29,294
29,293
29,292
29,291
29,290
29,289
29,288
29,287
29,286
29,285
29,284
29,283
29,282
29,281
29,280
29,279
29,278
29,277
29,276
29,275
29,274
29,273
29,272
29,271
29,270
29,269
29,268
29,267
29,266
29,265
29,264
29,263
29,262
29,261
29,260
29,259
29,258
29,257
29,256
28,383
28,382
28,381
28,380
28,379
28,378
28,377
28,376
28,375
28,374
28,373
28,372
28,371
28,370
28,369
28,368
28,367
28,366
28,365
28,364
28,363
28,362
28,361
28,360
28,359
28,358
28,357
28,356
28,355
28,354
28,353
28,352
28,351
28,350
28,349
28,348
28,347
28,346
28,345
28,344
28,343
28,342
28,341
28,340
28,339
28,338
28,337
28,336
28,335
28,334
28,333
28,332
28,331
28,330
28,329
28,328
28,327
28,326
28,325
28,324
28,323
28,322
28,321
28,320
25,5
25,4
25,3
25,2
25,1
25,0
1,2
1,1
1,3
1,0
42,7
42,6
58,6
58,5
58,4
58,3
58,2
58,1
58,0
2,9
50,20
50,19
50,18
50,17
50,16
50,15
50,14
50,13
50,12
50,11
50,10
50,9
50,8
50,7
50,6
50,5
50,4
50,3
50,2
50,1
50,0
42,5
42,4
42,3
42,2
42,1
42,0
41,639
41,638
41,637
41,636
41,635
41,634
41,633
41,632
41,631
41,630
41,629
41,628
41,627
41,626
41,625
41,624
41,623
41,622
41,621
41,620
41,619
41,618
41,617
41,616
41,615
41,614
41,613
41,612
41,611
41,610
41,609
41,608
41,607
41,606
41,605
41,604
41,603
41,602
41,601
41,600
41,599
41,598
41,597
41,596
41,595
41,594
41,593
41,592
41,591
41,590
41,589
41,588
41,587
41,586
41,585
41,584
41,583
41,582
41,581
41,580
41,579
41,578
41,577
41,576
41,127
41,126
41,125
41,124
41,123
41,122
41,121
41,120
41,119
41,118
41,117
41,116
41,115
41,114
41,113
41,112
41,111
41,110
41,109
41,108
41,107
41,106
41,105
41,104
41,103
41,102
41,101
41,100
41,99
41,98
41,97
41,96
41,95
41,94
41,93
41,92
41,91
41,90
41,89
41,88
41,87
41,86
41,85
41,84
41,83
41,82
41,81
41,80
41,79
41,78
41,77
41,76
41,75
41,74
41,73
41,72
41,71
41,70
41,69
41,68
41,67
41,66
41,65
41,64
34,5
34,4
34,3
34,2
34,1
34,0
29,1380
29,1379
29,1378
29,1377
29,1376
29,1375
29,1374
29,1373
29,1372
29,1371
29,1370
29,1369
29,1368
29,1367
29,1366
29,1365
29,1364
29,1363
29,1362
29,1361
29,1360
29,1359
29,1358
29,1357
29,1356
29,1355
29,1354
29,1353
29,1352
29,1351
29,1350
29,1349
29,1348
29,1347
29,1346
29,1345
29,1344
29,895
29,894
29,893
29,892
29,891
29,890
29,889
29,888
29,887
29,886
29,885
29,884
29,883
29,882
29,881
29,880
29,879
29,878
29,877
29,876
29,875
29,874
29,873
29,872
29,871
29,870
29,869
29,868
29,867
29,866
29,865
29,864
29,863
29,862
29,861
29,860
29,859
29,858
29,857
29,856
29,855
29,854
29,853
29,852
29,851
29,850
29,849
29,848
29,847
29,846
29,845
29,844
29,843
29,842
29,841
29,840
29,839
29,838
29,837
29,836
29,835
29,834
29,833
29,832
29,383
29,382
29,381
29,380
29,379
29,378
29,377
29,376
29,375
29,374
29,373
29,372
29,371
29,370
29,369
29,368
29,367
29,366
29,365
29,364
29,363
29,362
29,361
29,360
29,359
29,358
29,357
29,356
29,355
29,354
29,353
29,352
29,351
29,350
29,349
29,348
29,347
29,346
29,345
29,344
29,343
29,342
29,341
29,340
29,339
29,338
29,337
29,336
29,335
29,334
29,333
29,332
29,331
29,330
29,329
29,328
29,327
29,326
29,325
29,324
29,323
29,322
29,321
29,320
28,398
28,397
28,396
28,395
28,394
28,393
28,392
28,391
28,390
28,389
28,388
28,387
28,386
28,385
28,384
26,8
26,7
26,6
26,5
26,4
26,3
26,2
26,1
26,0
18,44
18,43
18,41
18,40
18,39
18,38
18,37
18,36
18,35
18,34
18,33
18,32
18,31
18,30
18,29
18,28
18,27
18,26
18,25
18,24
18,23
18,22
18,21
18,20
18,19
18,18
18,17
18,16
18,14
18,13
18,12
18,11
18,10
18,9
18,8
18,7
18,6
18,2
2,8
2,7
2,6
2,4
2,2
18,5
18,42
18,4
2,1
2,5
2,3
2,0
18,1
18,15
18,3
18,0
41,679
41,678
41,677
41,676
41,675
41,674
41,673
41,672
41,671
41,670
41,669
41,668
41,667
41,666
41,665
41,664
41,663
41,661
41,660
41,659
41,658
41,657
41,656
41,655
41,654
41,653
41,652
41,651
41,650
41,649
41,648
41,647
41,646
41,645
41,644
41,643
41,642
41,641
41,640
41,662
51,3
51,2
51,1
51,0
43,3
43,2
43,1
43,0
41,191
41,190
41,189
41,188
41,187
41,186
41,185
41,184
41,183
41,182
41,181
41,180
41,179
41,178
41,177
41,176
41,175
41,174
41,173
41,172
41,171
41,170
41,169
41,168
41,167
41,166
41,165
41,164
41,163
41,162
41,161
41,160
41,159
41,158
41,157
41,156
41,155
41,154
41,153
41,152
41,151
41,150
41,149
41,148
41,147
41,146
41,145
41,144
41,143
41,142
41,141
41,140
41,139
41,138
41,137
41,136
41,135
41,134
41,133
41,132
41,131
41,130
41,129
41,128
35,3
35,2
35,1
35,0
29,1471
29,1470
29,1469
29,1468
29,1466
29,1465
29,1464
29,1463
29,1462
29,1461
29,1460
29,1459
29,1458
29,1457
29,1456
29,1455
29,1454
29,1453
29,1452
29,1451
29,1450
29,1449
29,1448
29,1447
29,1446
29,1445
29,1444
29,1443
29,1442
29,1441
29,1440
29,1439
29,1438
29,1437
29,1436
29,1435
29,1434
29,1433
29,1432
29,1431
29,1430
29,1429
29,1428
29,1427
29,1426
29,1425
29,1424
29,1423
29,1422
29,1421
29,1420
29,1419
29,1418
29,1417
29,1416
29,1415
29,1414
29,1413
29,1412
29,1411
29,1410
29,1409
29,1408
29,959
29,958
29,957
29,956
29,955
29,954
29,953
29,952
29,951
29,950
29,949
29,948
29,947
29,946
29,945
29,944
29,943
29,942
29,941
29,940
29,939
29,938
29,937
29,936
29,935
29,934
29,933
29,932
29,931
29,930
29,929
29,928
29,927
29,926
29,925
29,924
29,923
29,922
29,921
29,920
29,919
29,918
29,917
29,916
29,915
29,914
29,913
29,912
29,911
29,910
29,909
29,908
29,907
29,906
29,905
29,904
29,903
29,902
29,901
29,900
29,899
29,898
29,897
29,896
29,447
29,446
29,445
29,444
29,443
29,442
29,441
29,440
29,439
29,438
29,437
29,436
29,435
29,434
29,433
29,432
29,431
29,430
29,429
29,428
29,427
29,426
29,425
29,424
29,423
29,422
29,421
29,420
29,419
29,418
29,417
29,416
29,415
29,414
29,413
29,412
29,411
29,410
29,409
29,408
29,407
29,406
29,405
29,404
29,403
29,402
29,401
29,400
29,399
29,398
29,397
29,396
29,395
29,394
29,393
29,392
29,391
29,390
29,389
29,388
29,387
41,680
41,681
41,683
41,684
41,686
41,687
41,689
41,691
41,692
41,694
41,695
41,697
41,699
41,700
41,702
41,703
41,701
41,698
41,696
41,693
41,690
41,688
41,685
41,682
29,386
29,385
29,384
28,511
28,510
28,509
28,508
28,507
28,506
28,505
28,504
28,503
28,502
28,501
28,500
28,499
28,498
28,497
28,496
28,495
28,494
28,493
28,492
28,491
28,490
28,489
28,488
28,487
28,486
28,485
28,484
28,483
28,482
28,481
28,480
28,479
28,478
28,477
28,476
28,475
28,474
28,473
28,472
28,471
28,470
28,469
28,468
28,467
28,466
28,465
28,464
28,463
28,462
28,461
28,460
28,459
28,458
28,457
28,456
28,455
28,454
28,453
28,452
28,451
28,450
28,449
28,448
27,4
27,3
27,2
27,1
27,0
19,6
19,5
19,4
19,3
19,2
19,1
19,0
18,121
18,120
18,119
18,118
18,117
18,116
18,115
18,114
18,113
18,112
18,111
18,110
18,109
18,108
18,107
18,106
18,105
18,104
18,103
18,102
18,101
18,100
18,99
18,98
18,97
18,96
18,95
18,94
18,93
18,92
18,91
18,90
18,89
18,88
18,87
18,86
18,85
18,84
18,83
18,82
18,81
18,80
18,79
18,78
18,77
18,76
18,75
18,74
18,73
18,72
18,71
18,70
18,69
18,68
18,67
18,66
18,65
18,64
3,6
3,5
3,4
3,3
3,2
3,1
3,0
0,243
0,255
0,254
0,253
0,252
0,251
0,250
0,249
0,248
0,247
0,246
0,245
0,244
0,242
0,241
0,240
0,239
0,238
0,237
0,236
0,235
0,234
0,233
0,232
0,231
0,230
0,229
0,228
0,227
0,226
0,225
0,224
0,223
0,222
0,221
0,220
0,219
0,218
0,217
0,216
0,215
0,214
0,213
0,212
0,211
0,210
0,209
0,208
0,207
0,206
0,205
0,204
0,203
0,202
0,201
0,200
0,199
0,198
0,197
0,196
0,195
0,194
0,193
0,192
28,522
28,519
28,530
28,27
28,512
28,518
28,529
28,525
52,3
52,2
52,1
52,0
44,3
44,2
44,1
44,0
41,255
41,254
41,253
41,252
41,251
41,250
41,249
41,248
41,247
41,246
41,245
41,244
41,243
41,242
41,241
41,240
41,239
41,238
41,237
41,236
41,235
41,234
41,233
41,232
41,231
41,230
41,229
41,228
41,227
41,226
41,225
41,224
41,223
41,222
41,221
41,220
41,219
41,218
41,217
41,216
41,215
41,214
41,213
41,212
41,211
41,210
41,209
41,208
41,207
41,206
41,205
41,204
41,203
41,202
41,201
41,200
41,199
41,198
41,197
41,196
41,195
41,194
41,193
41,192
36,6
36,5
36,4
36,3
36,2
36,1
36,0
29,1535
29,1534
29,1023
29,1022
29,1021
29,1020
29,1019
29,1018
29,1017
29,1016
29,1015
29,1014
29,1013
29,1012
29,1011
29,1010
29,1009
29,1008
29,1007
29,1006
29,1005
29,1004
29,1003
29,1002
29,1001
29,1000
29,999
29,998
29,997
29,996
29,995
29,994
29,993
29,992
29,991
29,990
29,989
29,988
29,987
29,986
29,985
29,984
29,983
29,982
29,981
29,980
29,979
29,978
29,977
29,976
29,975
29,974
29,973
29,972
29,971
29,970
29,969
29,968
29,967
29,966
29,965
29,964
29,963
29,962
29,961
29,960
29,511
29,510
29,509
29,508
29,507
29,506
29,505
29,504
29,503
29,502
29,501
29,500
29,499
29,498
29,497
29,496
29,495
29,494
29,493
29,492
29,491
29,490
29,489
29,488
29,487
29,486
29,485
29,484
29,483
29,482
29,481
29,480
29,479
29,478
29,477
29,476
29,475
29,474
29,473
29,472
29,471
29,470
29,469
29,468
29,467
29,466
29,465
29,464
29,463
29,462
29,461
29,460
29,459
29,458
29,457
29,456
29,455
29,454
29,453
29,452
29,451
29,450
29,449
29,448
28,528
28,527
28,526
28,523
28,521
28,520
28,517
28,516
28,515
28,514
28,513
28,63
28,62
28,61
28,60
28,59
28,58
28,57
28,56
28,55
28,54
28,53
28,52
28,51
28,50
28,49
28,48
28,47
28,46
28,45
28,44
28,43
28,42
28,41
28,40
28,39
28,38
28,37
28,36
28,35
28,34
28,33
28,32
28,31
28,30
28,29
28,28
28,26
28,25
28,24
28,23
28,22
28,21
28,20
28,19
28,18
28,17
28,16
28,15
28,14
28,13
28,12
28,11
28,10
28,9
28,8
28,7
28,6
28,5
28,4
28,3
28,2
28,1
28,0
20,11
20,10
20,9
20,8
20,7
20,6
20,5
20,4
20,3
20,2
20,1
20,0
18,191
18,190
18,189
18,188
18,187
18,186
18,185
18,184
18,183
18,182
18,181
18,180
18,179
18,178
18,177
18,176
18,175
18,174
18,173
18,172
18,170
18,169
18,168
18,167
18,166
18,165
18,164
18,163
18,162
18,161
18,160
18,159
18,158
18,157
18,156
18,155
18,154
18,153
18,152
18,151
18,150
18,149
18,148
18,147
18,146
18,145
18,144
18,143
18,142
18,141
18,140
18,139
18,138
18,137
18,136
18,135
18,134
18,133
18,132
18,131
18,130
18,129
18,128
4,3
4,2
4,1
4,0
18,171
0,319
0,318
0,317
0,315
0,314
0,313
0,312
0,311
0,309
0,306
0,301
0,310
0,305
0,308
0,304
0,303
0,302
0,307
0,300
0,299
0,298
0,297
0,296
0,295
0,294
0,293
0,292
0,291
0,290
0,289
0,288
0,287
0,286
0,285
0,284
0,283
0,282
0,281
0,280
0,279
0,278
0,277
0,276
0,275
0,274
0,273
0,272
0,271
0,270
0,269
0,268
0,267
0,266
0,265
0,264
0,263
0,262
0,261
0,260
0,259
0,258
0,257
0,256
0,316
28,594
28,593
29,52
29,50
29,1086
29,1085
29,1084
29,1083
29,1082
29,1081
29,1080
29,1079
29,1078
29,1077
29,1076
29,1075
29,1074
29,1073
29,1072
29,1071
29,1070
29,1069
29,1068
29,1067
29,1066
29,1065
29,1064
29,1063
29,1062
29,1061
29,1060
29,1059
29,1058
29,1057
29,1056
29,1055
29,1054
29,1053
29,1052
29,1051
29,1050
29,1049
29,1048
29,1047
29,1046
29,1045
29,1044
29,1042
29,1039
29,1038
29,1037
29,1040
29,1035
29,1036
29,1034
29,1033
29,1032
28,590
28,589
28,585
28,584
28,583
53,3
53,2
53,1
53,0
45,3
45,2
45,1
45,0
41,319
41,318
41,317
41,316
41,315
41,314
41,313
41,312
41,311
41,310
41,309
41,308
41,307
41,306
41,305
41,304
41,303
41,302
41,301
41,300
41,299
41,298
41,297
41,296
41,295
41,294
41,293
41,292
41,291
41,290
41,289
41,288
41,287
41,286
41,285
41,284
41,283
41,282
41,281
41,280
41,279
41,278
41,277
41,276
41,275
41,274
41,273
41,272
41,271
41,270
41,269
41,268
41,267
41,266
41,265
41,264
41,263
41,262
41,261
41,260
41,259
41,258
41,257
41,256
37,5
37,4
37,3
37,2
37,1
37,0
29,1043
29,1041
29,1031
29,1030
29,1028
29,1027
29,1026
29,1025
29,1024
29,575
29,574
29,573
29,572
29,571
29,570
29,569
29,568
29,567
29,566
29,565
29,564
29,563
29,562
29,561
29,560
29,559
29,558
29,557
29,556
29,555
29,554
29,553
29,552
29,551
29,550
29,549
29,548
29,547
29,546
29,545
29,544
29,543
29,542
29,541
29,540
29,539
29,538
29,537
29,536
29,535
29,534
29,533
29,532
29,531
29,530
29,529
29,528
29,527
29,526
29,525
29,524
29,523
29,522
29,521
29,520
29,519
29,518
29,517
29,516
29,515
29,514
29,513
29,512
29,63
29,62
29,61
29,60
29,59
29,58
29,57
29,56
29,55
29,54
29,53
29,51
29,49
29,48
29,47
29,46
29,45
29,44
29,43
29,42
29,41
29,40
29,39
29,38
29,37
29,36
29,35
29,34
29,33
29,32
29,31
29,30
29,29
29,28
29,27
29,26
29,25
29,24
29,23
29,22
29,21
29,20
29,19
29,18
29,17
29,16
29,15
29,14
29,13
29,12
29,11
29,10
29,9
29,8
29,7
29,6
29,5
29,4
29,3
29,2
29,1
29,0
28,592
28,591
28,588
28,587
28,586
28,582
28,581
28,580
28,579
28,578
28,577
28,576
28,101
28,100
28,99
28,98
28,97
28,96
28,95
28,94
28,93
28,92
28,91
28,90
28,89
28,88
28,87
28,86
28,85
28,84
28,83
28,82
28,81
28,80
28,79
28,78
28,77
28,76
28,75
28,74
28,73
28,72
28,71
28,70
28,69
28,68
28,67
28,66
28,65
28,64
21,15
21,13
21,12
21,11
21,10
21,9
21,8
21,7
21,6
21,5
21,4
21,3
21,2
21,1
21,0
18,255
18,254
18,253
18,252
18,251
18,250
18,249
18,248
18,247
18,246
18,245
18,244
18,243
18,242
18,241
18,240
18,239
18,238
18,237
18,236
18,235
18,234
18,233
18,232
18,231
18,230
18,229
18,228
18,227
18,226
18,225
18,224
18,223
18,222
18,221
18,220
18,219
18,218
18,217
18,216
18,215
18,214
18,213
18,212
18,211
18,210
18,209
18,208
18,207
18,206
18,205
18,204
18,203
18,202
18,201
18,200
18,199
18,198
18,197
18,196
18,195
18,194
18,193
18,192
0,383
0,382
0,381
0,379
0,378
0,377
0,376
0,375
0,374
0,373
0,372
0,371
0,370
0,369
0,367
0,322
0,380
0,368
0,337
0,329
0,346
0,336
0,335
0,334
0,344
0,328
0,366
0,333
0,365
0,364
0,363
0,362
0,360
0,358
0,331
0,330
0,357
0,356
0,355
0,327
0,326
0,354
0,353
0,352
0,351
0,325
0,350
0,348
0,347
0,345
0,343
0,359
0,324
0,342
0,341
0,323
0,340
0,321
0,320
0,361
0,339
0,338
0,349
0,332
29,1144
29,1143
29,1142
29,1141
29,1140
29,1139
29,1138
29,1136
29,1135
29,1134
29,1132
29,1131
29,1130
29,1129
29,1128
29,1126
29,1125
29,1124
29,1123
29,1122
29,1120
29,1119
29,1118
29,1117
29,1116
29,1115
29,1114
29,1113
46,3
46,2
46,1
46,0
41,383
41,382
41,381
41,380
41,379
41,378
41,377
41,376
41,375
41,374
41,373
41,372
41,371
41,370
41,369
41,368
41,367
41,366
41,365
41,364
41,363
41,362
41,361
41,360
41,359
41,358
41,357
41,356
41,355
41,354
41,353
41,352
41,351
41,350
41,349
41,348
41,347
41,346
41,345
41,344
41,343
41,342
41,341
41,340
41,339
41,338
41,337
41,336
41,335
41,334
41,333
41,332
41,331
41,330
41,329
41,328
41,327
41,326
41,325
41,324
41,323
41,322
41,321
41,320
38,9
38,8
38,7
38,6
38,5
38,4
38,3
38,2
38,1
38,0
30,4
30,3
30,2
30,1
30,0
29,1133
29,1127
29,1112
29,1111
29,1110
29,1109
29,1108
29,1107
29,1106
29,1105
29,1104
29,1103
29,1102
29,1101
29,1100
29,1099
29,1098
29,1097
29,1096
29,1095
29,1094
29,1093
29,1092
29,1091
29,1090
29,1089
29,1088
29,639
29,638
29,637
29,636
29,635
29,634
29,633
29,632
29,631
29,630
29,629
29,628
29,627
29,626
29,625
29,624
29,623
29,622
29,621
29,620
29,619
29,618
29,617
29,616
29,615
29,614
29,613
29,612
29,611
29,610
29,609
29,608
29,607
29,606
29,605
29,604
29,603
29,602
29,601
29,600
29,599
29,598
29,597
29,596
29,595
29,594
29,593
29,592
29,591
29,590
29,589
29,588
29,587
29,586
29,585
29,584
29,583
29,582
29,581
29,580
29,579
29,578
29,577
29,576
29,127
29,126
29,125
29,124
29,123
29,122
29,121
29,120
29,119
29,118
29,117
29,116
29,115
29,114
29,113
29,112
29,111
29,110
29,109
29,108
29,107
29,106
29,105
29,104
29,103
29,102
29,101
29,100
29,99
29,98
29,97
29,96
29,95
29,94
29,93
29,92
29,91
29,90
29,89
29,88
29,87
29,86
29,85
29,84
29,83
29,82
29,81
29,80
29,79
29,78
29,77
29,76
29,75
29,74
29,73
29,72
29,71
29,70
29,69
29,68
29,67
29,66
29,65
29,64
28,191
28,190
28,189
28,188
28,187
28,186
28,185
28,184
28,183
28,182
28,181
28,180
28,179
28,178
28,177
28,176
28,175
28,174
28,173
28,172
28,171
28,170
28,169
28,168
28,167
28,166
28,165
28,164
28,163
28,162
28,161
28,160
28,159
28,158
28,157
28,156
28,155
28,154
28,153
28,152
28,151
28,150
28,149
28,148
28,147
28,146
28,145
28,144
28,143
28,142
28,141
28,140
28,139
28,138
28,137
28,136
28,135
28,134
28,133
28,132
28,131
28,130
28,129
28,128
22,2
0,447
0,446
0,445
0,444
0,442
0,441
0,440
0,438
0,437
0,436
0,435
0,432
0,431
0,429
0,428
0,427
0,425
0,423
0,421
0,420
0,419
0,418
22,4
22,1
0,417
0,415
0,414
0,413
0,412
0,411
0,410
0,409
0,408
0,407
0,406
0,404
0,401
22,3
22,0
0,400
0,399
0,398
0,397
0,396
0,395
0,394
0,393
0,392
0,391
0,390
0,389
0,388
0,385
0,384
0,422
0,443
0,434
0,387
0,416
0,386
0,439
0,433
0,430
0,405
0,402
0,403
0,426
0,424
18,368
18,367
18,366
18,365
18,364
18,363
18,362
18,361
18,360
18,359
18,358
55,5
55,4
55,3
55,2
55,1
55,0
28,218
28,219
18,357
18,356
18,355
18,354
18,353
18,352
18,351
18,350
18,349
18,348
18,347
18,346
18,345
18,344
18,343
18,342
18,341
18,340
18,339
18,338
18,337
18,336
18,335
18,334
18,332
18,330
18,329
18,328
18,327
18,326
18,325
18,324
18,323
18,322
18,321
18,320
47,3
47,2
47,1
47,0
41,447
41,446
41,445
41,444
41,443
41,442
41,441
41,440
41,439
41,438
41,437
41,436
41,435
41,434
41,433
41,432
41,431
41,430
41,429
41,428
41,427
41,426
41,425
41,424
41,423
41,422
41,421
41,420
41,419
41,418
41,417
41,416
41,415
41,414
41,413
41,412
41,411
41,410
41,409
41,408
41,407
41,406
41,405
41,404
41,403
41,402
41,401
41,400
41,399
41,398
41,397
41,396
41,395
41,394
41,393
41,392
41,391
41,390
41,389
41,388
41,387
41,386
41,385
41,384
39,6
39,5
39,4
39,3
39,2
39,1
39,0
31,5
31,4
31,3
31,2
31,1
31,0
29,1215
29,1214
29,1213
29,1212
29,1211
29,1210
29,1209
29,1208
29,1207
29,1206
29,1205
29,1204
29,1203
29,1202
29,1201
29,1200
29,1199
29,1198
29,1197
29,1196
29,1195
29,1194
29,1193
29,1192
29,1191
29,1190
29,1189
29,1188
29,1187
29,1186
29,1185
29,1184
29,1183
29,1182
29,1181
29,1180
29,1179
29,1178
29,1177
29,1176
29,1175
29,1174
29,1173
29,1172
29,1171
29,1170
29,1169
29,1168
29,1167
29,1166
29,1165
29,1164
29,1163
29,1162
29,1161
29,1160
29,1159
29,1158
29,1157
29,1156
29,1155
29,1154
29,1153
29,1152
29,703
29,702
29,701
29,700
29,699
29,698
29,697
29,696
29,695
29,694
29,693
29,692
29,691
29,690
29,689
29,688
29,687
29,686
29,685
29,684
29,683
29,682
29,681
29,680
29,679
29,678
29,677
29,676
29,675
29,674
29,673
29,672
29,671
29,670
29,669
29,668
29,667
29,666
29,665
29,664
29,663
29,662
29,661
29,660
29,659
29,658
29,657
29,656
29,655
29,654
29,653
29,652
29,651
29,650
29,649
29,648
29,647
29,646
29,645
29,644
29,643
29,642
29,641
29,640
29,191
29,190
29,189
29,188
29,187
29,186
29,185
29,184
29,183
29,182
29,181
29,180
29,179
29,178
29,177
29,176
29,175
29,174
29,173
29,172
29,171
29,170
29,169
29,168
29,167
29,166
29,165
29,164
29,163
29,162
29,161
29,160
29,159
29,158
29,157
29,156
29,155
29,154
29,153
29,152
29,151
29,150
29,149
29,148
29,147
29,146
29,145
29,144
29,143
29,142
29,141
29,140
29,139
29,138
29,137
29,136
29,135
29,134
29,133
29,132
29,131
29,130
29,129
29,128
28,255
28,254
28,253
28,252
28,251
28,250
28,249
28,248
28,247
28,246
28,245
28,244
28,243
28,242
28,241
28,240
28,239
28,238
28,237
28,236
28,235
28,234
28,233
28,232
28,231
28,230
28,229
28,228
28,227
28,226
28,225
28,224
28,223
28,222
28,221
28,220
28,217
28,216
28,215
28,214
28,213
28,212
28,211
28,210
28,209
28,208
28,207
28,206
28,205
28,204
28,203
28,202
28,201
28,200
28,199
28,198
28,197
28,196
28,195
28,194
28,193
28,192
23,4
23,3
23,2
23,1
23,0
18,333
18,331
0,506
0,505
0,484
0,482
0,481
0,478
0,466
0,454
0,453
0,451
0,450
0,449
0,462
0,448
0,490
0,489
0,488
0,487
0,470
0,459
0,486
0,461
0,485
0,458
0,457
0,509
0,508
0,460
0,483
0,456
0,480
0,507
0,479
0,504
0,503
0,455
0,452
0,502
0,471
0,477
0,501
0,500
0,476
0,469
0,498
0,475
0,497
0,496
0,495
0,494
0,493
0,491
0,474
0,468
0,473
0,472
0,467
0,492
0,511
0,510
0,465
0,464
0,463
0,499
